{'pos': [0.23011520504951477, 0.9140603542327881, -0.3741191029548645], 'viewmatrix': [[[0.9913675785064697, 0.059000179171562195, -0.11708667129278183, 0.0], [-0.13103970885276794, 0.4162529408931732, -0.899756669998169, 0.0], [-0.004348130896687508, 0.9073325991630554, 0.4203910529613495, 0.0], [-0.10997727513313293, -0.05460672080516815, 1.0066516399383545, 1.0]]]}
{'pos': [0.8481208086013794, 0.08052045106887817, -0.39719173312187195], 'viewmatrix': [[[-0.2219424545764923, 0.3661893308162689, -0.9036852121353149, 0.0], [-0.9749738574028015, -0.07104265689849854, 0.21066299080848694, 0.0], [0.012942339293658733, 0.9278244972229004, 0.37279239296913147, 0.0], [0.2718799412250519, 0.06367181986570358, 0.8975416421890259, 1.0]]]}
{'pos': [-0.5482954382896423, -0.14328546822071075, -0.3127982020378113], 'viewmatrix': [[[-0.5452912449836731, -0.21510884165763855, 0.8101763129234314, 0.0], [0.8348853588104248, -0.22583794593811035, 0.5019598007202148, 0.0], [0.07499254494905472, 0.9501186013221741, 0.3027386963367462, 0.0], [-0.15589623153209686, 0.14689287543296814, 0.6108356714248657, 1.0]]]}
