{'pos': [4.351197242736816, -1.0463162660598755, 1.3156962394714355], 'viewmatrix': [[[-0.278137743473053, 0.5537399053573608, -0.7848640084266663, 0.0], [-0.7340932488441467, 0.4044264554977417, 0.545478105545044, 0.0], [0.6194727420806885, 0.7278813719749451, 0.2940104603767395, 0.0], [-0.37289944291114807, -2.9439444541931152, 3.5990123748779297, 1.0]]]}
{'pos': [4.376441955566406, -0.987712562084198, 1.6783198118209839], 'viewmatrix': [[[-0.33356669545173645, 0.4873291850090027, -0.8069965839385986, 0.0], [-0.7244971990585327, 0.4151972532272339, 0.5501954555511475, 0.0], [0.6031891107559204, 0.7681936621665955, 0.21457265317440033, 0.0], [-0.26810401678085327, -3.011946678161621, 3.7150869369506836, 1.0]]]}
{'pos': [4.284353733062744, -0.9863527417182922, 2.1379289627075195], 'viewmatrix': [[[-0.4018622040748596, 0.42082110047340393, -0.8132750988006592, 0.0], [-0.7136940360069275, 0.41251057386398315, 0.566105842590332, 0.0], [0.5737138986587524, 0.8079261183738708, 0.1345650851726532, 0.0], [-0.20879364013671875, -3.123354196548462, 3.7550477981567383, 1.0]]]}
{'pos': [0.4368128478527069, -3.115963935852051, 3.0234766006469727], 'viewmatrix': [[[-0.9953888058662415, -0.09436361491680145, -0.017221400514245033, 0.0], [-0.02243497408926487, 0.05447046086192131, 0.9982632994651794, 0.0], [-0.09326168149709702, 0.9940465092658997, -0.056336332112550735, 0.0], [0.6468665599822998, -2.7945291996002197, 3.2884066104888916, 1.0]]]}
{'pos': [-0.34843710064888, -2.2047934532165527, 3.32037091255188], 'viewmatrix': [[[-0.9649953246116638, -0.17878389358520508, 0.19188612699508667, 0.0], [0.16398067772388458, 0.15969668328762054, 0.9734512567520142, 0.0], [-0.20468097925186157, 0.9708415269851685, -0.12478945404291153, 0.0], [0.7049201130867004, -2.9337503910064697, 2.6274664402008057, 1.0]]]}
{'pos': [0.9678077697753906, -2.786644458770752, 2.3894143104553223], 'viewmatrix': [[[-0.9795569777488708, 0.10301007330417633, -0.17279194295406342, 0.0], [-0.1809399127960205, -0.07578232884407043, 0.9805701375007629, 0.0], [0.08791402727365494, 0.9917892813682556, 0.09287174791097641, 0.0], [0.23374468088150024, -2.6806676387786865, 2.6778206825256348, 1.0]]]}
{'pos': [4.0993852615356445, -1.291893482208252, 2.387470006942749], 'viewmatrix': [[[-0.4681601822376251, 0.4002114534378052, -0.7878177762031555, 0.0], [-0.7065498232841492, 0.3658842444419861, 0.6057359576225281, 0.0], [0.530672550201416, 0.8402139544487, 0.11147690564393997, 0.0], [-0.26058295369148254, -3.1739227771759033, 3.745967388153076, 1.0]]]}
{'pos': [1.2128477096557617, -2.8810107707977295, 2.4316697120666504], 'viewmatrix': [[[-0.9685226678848267, 0.1423831582069397, -0.20418338477611542, 0.0], [-0.21245039999485016, -0.04534006863832474, 0.9761193990707397, 0.0], [0.12972527742385864, 0.9887726306915283, 0.07416224479675293, 0.0], [0.2471494823694229, -2.7076823711395264, 2.8795158863067627, 1.0]]]}
{'pos': [0.6784604787826538, -2.7918131351470947, 2.4094440937042236], 'viewmatrix': [[[-0.9957355856895447, 0.0281263068318367, -0.08786098659038544, 0.0], [-0.08970741182565689, -0.07301240414381027, 0.9932883381843567, 0.0], [0.02152259275317192, 0.9969343543052673, 0.07522419095039368, 0.0], [0.3732633888721466, -2.6249773502349854, 2.651437282562256, 1.0]]]}
{'pos': [0.548381507396698, -3.212697744369507, 2.68456768989563], 'viewmatrix': [[[-0.9980208873748779, -0.03709739074110985, -0.05077527090907097, 0.0], [-0.050403185188770294, -0.010897875763475895, 0.9986695051193237, 0.0], [-0.037601374089717865, 0.9992522597312927, 0.009006480686366558, 0.0], [0.4863094389438629, -2.69722843170166, 3.2120888233184814, 1.0]]]}
{'pos': [-1.040948748588562, -2.070681571960449, 3.6419572830200195], 'viewmatrix': [[[-0.8991842865943909, -0.24006669223308563, 0.3658354580402374, 0.0], [0.2966669499874115, 0.28009870648384094, 0.9129804968833923, 0.0], [-0.32164624333381653, 0.9294690489768982, -0.18064048886299133, 0.0], [0.8497199416160583, -3.0549886226654053, 2.9291927814483643, 1.0]]]}
{'pos': [-0.8455138206481934, -2.0887200832366943, 3.46160626411438], 'viewmatrix': [[[-0.9314773678779602, -0.22012795507907867, 0.2896440029144287, 0.0], [0.23786935210227966, 0.23387771844863892, 0.9427191615104675, 0.0], [-0.2752601206302643, 0.9470189213752747, -0.16549010574817657, 0.0], [0.6621075868606567, -2.975822925567627, 2.7868359088897705, 1.0]]]}
{'pos': [-2.136265277862549, -1.5708519220352173, 3.1769344806671143], 'viewmatrix': [[[-0.7279919981956482, -0.3466329872608185, 0.5915008187294006, 0.0], [0.4892534911632538, 0.3417215049266815, 0.8024072647094727, 0.0], [-0.4802693724632263, 0.873539924621582, -0.07917912304401398, 0.0], [0.739145040512085, -2.9788851737976074, 2.7756125926971436, 1.0]]]}
{'pos': [-1.4416769742965698, -1.8325773477554321, 3.3244593143463135], 'viewmatrix': [[[-0.8308116793632507, -0.3066065013408661, 0.4644829034805298, 0.0], [0.3775709569454193, 0.3026406168937683, 0.875127911567688, 0.0], [-0.4088912904262543, 0.9024417400360107, -0.13567164540290833, 0.0], [0.853508472442627, -2.8875458240509033, 2.7244086265563965, 1.0]]]}
{'pos': [-2.2842767238616943, -1.5968058109283447, 2.9711904525756836], 'viewmatrix': [[[-0.6939435601234436, -0.36318713426589966, 0.6217213273048401, 0.0], [0.5122774839401245, 0.3577398955821991, 0.7807649374008179, 0.0], [-0.5059783458709717, 0.8603006601333618, -0.062198705971241, 0.0], [0.7362065315246582, -2.814495801925659, 2.851717710494995, 1.0]]]}
{'pos': [-2.4408161640167236, -1.6427289247512817, 2.671241044998169], 'viewmatrix': [[[-0.6278265714645386, -0.43329963088035583, 0.6465951204299927, 0.0], [0.5609338879585266, 0.3240479528903961, 0.761804461479187, 0.0], [-0.5396174192428589, 0.84097820520401, 0.039606545120477676, 0.0], [0.83050137758255, -2.7717370986938477, 2.7238593101501465, 1.0]]]}
{'pos': [-2.509554386138916, -1.7667689323425293, 2.31599497795105], 'viewmatrix': [[[-0.5902381539344788, -0.4968372583389282, 0.6362166404724121, 0.0], [0.5720785856246948, 0.2985951900482178, 0.7639155983924866, 0.0], [-0.5695129632949829, 0.814858078956604, 0.1079876646399498, 0.0], [0.8484852910041809, -2.6064987182617188, 2.696183681488037, 1.0]]]}
{'pos': [-2.031043767929077, -1.8326139450073242, 1.864693522453308], 'viewmatrix': [[[-0.5950584411621094, -0.6199172735214233, 0.5114762783050537, 0.0], [0.5634451508522034, 0.13202491402626038, 0.8155360221862793, 0.0], [-0.573092520236969, 0.7734804153442383, 0.2707268297672272, 0.0], [0.8926295638084412, -2.459432363510132, 2.0285708904266357, 1.0]]]}
{'pos': [-2.105369806289673, -2.3080801963806152, 1.0012568235397339], 'viewmatrix': [[[-0.6043087840080261, -0.6306739449501038, 0.4868893325328827, 0.0], [0.6061667203903198, 0.03266781568527222, 0.7946664094924927, 0.0], [-0.5170810222625732, 0.7753600478172302, 0.36255210638046265, 0.0], [0.6445188522338867, -2.0287363529205322, 2.496227979660034, 1.0]]]}
{'pos': [-2.489166498184204, -1.9830580949783325, 2.056044340133667], 'viewmatrix': [[[-0.6020630598068237, -0.5745624899864197, 0.5544348359107971, 0.0], [0.5706891417503357, 0.17598441243171692, 0.8020868897438049, 0.0], [-0.5584209561347961, 0.7993168234825134, 0.22194285690784454, 0.0], [0.7812126278877258, -2.724625587463379, 2.5143415927886963, 1.0]]]}
{'pos': [-1.9692792892456055, -1.9771676063537598, 1.3907725811004639], 'viewmatrix': [[[-0.5604119300842285, -0.6682091355323792, 0.4893209934234619, 0.0], [0.5904346108436584, 0.09198324382305145, 0.8018267154693604, 0.0], [-0.5807972550392151, 0.7382652759552002, 0.3429853022098541, 0.0], [0.8715375661849976, -2.160783290863037, 2.0719408988952637, 1.0]]]}
{'pos': [-3.1378602981567383, -1.7580569982528687, 1.1101192235946655], 'viewmatrix': [[[-0.31685981154441833, -0.668611466884613, 0.672724723815918, 0.0], [0.6986855864524841, 0.31512686610221863, 0.6422876715660095, 0.0], [-0.6414345502853394, 0.6735382676124573, 0.3672981560230255, 0.0], [0.9461361169815063, -2.2917063236236572, 2.8323497772216797, 1.0]]]}
{'pos': [-3.47731614112854, -1.4488589763641357, 1.2747966051101685], 'viewmatrix': [[[-0.22271235287189484, -0.6306682825088501, 0.7434088587760925, 0.0], [0.7040098905563354, 0.42344942688941956, 0.5701409578323364, 0.0], [-0.6743658781051636, 0.6503446102142334, 0.3496892750263214, 0.0], [1.1052491664886475, -2.408571720123291, 2.965338945388794, 1.0]]]}
{'pos': [-2.616511344909668, -2.033749580383301, 0.9356164932250977], 'viewmatrix': [[[-0.4871147572994232, -0.6697975993156433, 0.5604376792907715, 0.0], [0.6468045115470886, 0.1545088142156601, 0.7468406558036804, 0.0], [-0.5868246555328369, 0.7262907028198242, 0.35796457529067993, 0.0], [0.589940071105957, -2.117830276489258, 2.6503608226776123, 1.0]]]}
{'pos': [-3.677236318588257, -1.003535270690918, 1.3426437377929688], 'viewmatrix': [[[-0.22961506247520447, -0.5821167230606079, 0.7800109386444092, 0.0], [0.7176883220672607, 0.4400678873062134, 0.5396885275840759, 0.0], [-0.6574195027351379, 0.6837253570556641, 0.31673216819763184, 0.0], [0.7585569620132446, -2.6169564723968506, 2.9846224784851074, 1.0]]]}
{'pos': [-3.6455044746398926, -0.7247779965400696, 1.7714370489120483], 'viewmatrix': [[[-0.21988007426261902, -0.5048700571060181, 0.8347209095954895, 0.0], [0.7136761546134949, 0.5001011490821838, 0.4904744625091553, 0.0], [-0.6650707125663757, 0.7035659551620483, 0.2503514587879181, 0.0], [0.8938139081001282, -2.7243666648864746, 2.954982042312622, 1.0]]]}
{'pos': [-4.0395026206970215, -0.26522326469421387, -0.7393937110900879], 'viewmatrix': [[[0.2071550041437149, -0.657062828540802, 0.7248139381408691, 0.0], [0.7416502237319946, 0.5886392593383789, 0.32165002822875977, 0.0], [-0.6379982233047485, 0.47092702984809875, 0.6092503666877747, 0.0], [0.5617741346359253, -2.149885654449463, 3.463672637939453, 1.0]]]}
{'pos': [-4.030106544494629, -0.2211374193429947, -0.8578007221221924], 'viewmatrix': [[[0.2472551465034485, -0.6479529738426208, 0.7204316854476929, 0.0], [0.7356454730033875, 0.609439492225647, 0.29565051198005676, 0.0], [-0.6306271553039551, 0.45688119530677795, 0.6273507475852966, 0.0], [0.6181910037994385, -2.084636926651001, 3.5069379806518555, 1.0]]]}
{'pos': [-3.916456937789917, 0.12458360940217972, -1.2651954889297485], 'viewmatrix': [[[0.35403528809547424, -0.6450852155685425, 0.6771440505981445, 0.0], [0.707736611366272, 0.6581050753593445, 0.25691747665405273, 0.0], [-0.6113656163215637, 0.38828179240226746, 0.689542829990387, 0.0], [0.524894654750824, -2.117185115814209, 3.4924042224884033, 1.0]]]}
{'pos': [-3.632767677307129, 0.3159373700618744, -1.7951003313064575], 'viewmatrix': [[[0.4358341693878174, -0.6182628870010376, 0.654063880443573, 0.0], [0.6790854334831238, 0.7028253078460693, 0.21184808015823364, 0.0], [-0.5906704664230347, 0.35183459520339966, 0.7261685729026794, 0.0], [0.30842286348342896, -1.8364757299423218, 3.6126768589019775, 1.0]]]}
{'pos': [-3.2271673679351807, 1.993834376335144, -1.547406554222107], 'viewmatrix': [[[0.6646069288253784, -0.4008348286151886, 0.6305783987045288, 0.0], [0.5521300435066223, 0.8320711851119995, -0.05300901457667351, 0.0], [-0.5034382343292236, 0.383391410112381, 0.77431321144104, 0.0], [0.2649182677268982, -2.359311103820801, 3.338850498199463, 1.0]]]}
{'pos': [-2.5049796104431152, 2.767477512359619, -1.6277307271957397], 'viewmatrix': [[[0.8164369463920593, -0.2951497435569763, 0.4963037073612213, 0.0], [0.4384801685810089, 0.8761416077613831, -0.2002774178981781, 0.0], [-0.3757205009460449, 0.38113319873809814, 0.8447316884994507, 0.0], [0.2201021909713745, -2.5436642169952393, 3.172489643096924, 1.0]]]}
{'pos': [-1.940396785736084, 3.0466179847717285, -1.9778856039047241], 'viewmatrix': [[[0.8696259260177612, -0.26945486664772034, 0.4136965870857239, 0.0], [0.3797346353530884, 0.9005531072616577, -0.21167363226413727, 0.0], [-0.315519243478775, 0.3411718010902405, 0.8854656219482422, 0.0], [-0.09354811161756516, -2.591691732406616, 3.1989738941192627, 1.0]]]}
{'pos': [-3.6500794887542725, 0.7761759757995605, -1.6823019981384277], 'viewmatrix': [[[0.5194323062896729, -0.5690833926200867, 0.637443482875824, 0.0], [0.646324872970581, 0.7496259808540344, 0.14256589114665985, 0.0], [-0.5589760541915894, 0.3379422426223755, 0.7571927309036255, 0.0], [0.45394080877304077, -2.0905203819274902, 3.4898900985717773, 1.0]]]}
{'pos': [-1.9040703773498535, 2.832742214202881, -2.5067718029022217], 'viewmatrix': [[[0.8985198140144348, -0.23750540614128113, 0.3691251277923584, 0.0], [0.31434932351112366, 0.9351211190223694, -0.16350223124027252, 0.0], [-0.30634403228759766, 0.2629442512989044, 0.9148845076560974, 0.0], [0.05243983119726181, -2.442042589187622, 3.459406614303589, 1.0]]]}
{'pos': [-3.4203171730041504, 1.4513441324234009, -1.5219712257385254], 'viewmatrix': [[[0.6201944351196289, -0.4711552858352661, 0.6271934509277344, 0.0], [0.5918996334075928, 0.8057633638381958, 0.020004721358418465, 0.0], [-0.5147948265075684, 0.35882875323295593, 0.7786065936088562, 0.0], [0.4787091016769409, -2.2348134517669678, 3.3011837005615234, 1.0]]]}
{'pos': [-1.6579409837722778, 2.4429609775543213, -2.5813560485839844], 'viewmatrix': [[[0.9218854308128357, -0.2132684886455536, 0.3234870135784149, 0.0], [0.2623228132724762, 0.9579828381538391, -0.11599855124950409, 0.0], [-0.28515616059303284, 0.19179539382457733, 0.9390955567359924, 0.0], [0.1514977067708969, -2.1988086700439453, 3.243842601776123, 1.0]]]}
{'pos': [-0.6113824844360352, 2.205322265625, -2.3932888507843018], 'viewmatrix': [[[0.9807325005531311, -0.11431792378425598, 0.15841472148895264, 0.0], [0.12767621874809265, 0.9888337850570679, -0.0768539160490036, 0.0], [-0.14786005020141602, 0.09559892117977142, 0.9843770861625671, 0.0], [-0.0358363538980484, -2.0217931270599365, 2.6222383975982666, 1.0]]]}
{'pos': [-1.2334494590759277, 2.235243797302246, -2.742093324661255], 'viewmatrix': [[[0.9512505531311035, -0.17005014419555664, 0.257303923368454, 0.0], [0.20249353349208832, 0.973621129989624, -0.10515842586755753, 0.0], [-0.23263432085514069, 0.15213438868522644, 0.9605916738510132, 0.0], [0.08279197663068771, -1.9688622951507568, 3.186458110809326, 1.0]]]}
{'pos': [0.0845942273736, 2.25832200050354, -2.1050376892089844], 'viewmatrix': [[[0.9983386397361755, -0.02840207703411579, 0.05013208091259003, 0.0], [0.03336029127240181, 0.9943256974220276, -0.10101225227117538, 0.0], [-0.0469786562025547, 0.10251685231924057, 0.993621289730072, 0.0], [-0.25868380069732666, -2.027303457260132, 2.3154876232147217, 1.0]]]}
{'pos': [-0.3740474581718445, 2.167508363723755, -1.988891839981079], 'viewmatrix': [[[0.974617063999176, -0.18009738624095917, 0.13299080729484558, 0.0], [0.19253142178058624, 0.9773943424224854, -0.0873611718416214, 0.0], [-0.11425094306468964, 0.11074859648942947, 0.987259566783905, 0.0], [-0.2799932062625885, -1.9656083583831787, 2.202653408050537, 1.0]]]}
{'pos': [0.03168288990855217, 1.9159146547317505, -2.234046697616577], 'viewmatrix': [[[0.9893211722373962, -0.13031941652297974, 0.06527223438024521, 0.0], [0.13145743310451508, 0.9912307262420654, -0.013436349108815193, 0.0], [-0.06294883042573929, 0.021873386576771736, 0.9977770447731018, 0.0], [-0.4238364100456238, -1.8461183309555054, 2.2527554035186768, 1.0]]]}
{'pos': [-0.2857569754123688, 2.025721549987793, -2.156447649002075], 'viewmatrix': [[[0.9789336919784546, -0.1677795946598053, 0.11635662615299225, 0.0], [0.17563191056251526, 0.9825758934020996, -0.06081131100654602, 0.0], [-0.10412632673978806, 0.07996618002653122, 0.9913440942764282, 0.0], [-0.3005872070789337, -1.8659262657165527, 2.2942183017730713, 1.0]]]}
{'pos': [0.472793310880661, 1.5806667804718018, -2.1778576374053955], 'viewmatrix': [[[0.9997594952583313, -0.019505949690937996, -0.01002500206232071, 0.0], [0.01960199698805809, 0.9997619986534119, 0.009573481045663357, 0.0], [0.009835876524448395, -0.009767687879502773, 0.9999039173126221, 0.0], [-0.4822427034378052, -1.5923410654067993, 2.1672556400299072, 1.0]]]}
{'pos': [0.6557046175003052, 1.1434402465820312, -1.7959295511245728], 'viewmatrix': [[[0.9958670139312744, 0.059307582676410675, -0.06878629326820374, 0.0], [-0.05501658096909523, 0.9965159296989441, 0.0626833364367485, 0.0], [0.07226423174142838, -0.058639876544475555, 0.9956601858139038, 0.0], [-0.46030494570732117, -1.2836579084396362, 1.7615643739700317, 1.0]]]}
{'pos': [0.8880536556243896, 0.9638296365737915, -1.6342333555221558], 'viewmatrix': [[[0.9780148267745972, 0.17387567460536957, -0.11512716114521027, 0.0], [-0.15659859776496887, 0.9769389629364014, 0.14514529705047607, 0.0], [0.13770943880081177, -0.12392549961805344, 0.9826894402503967, 0.0], [-0.49254584312438965, -1.2985368967056274, 1.5682874917984009, 1.0]]]}
{'pos': [1.791900873184204, 1.0981403589248657, -1.234883427619934], 'viewmatrix': [[[0.8541866540908813, 0.433829128742218, -0.28663116693496704, 0.0], [-0.4120919704437256, 0.9009923338890076, 0.13562104105949402, 0.0], [0.3170888423919678, 0.0022727225441485643, 0.9483931064605713, 0.0], [-0.686515212059021, -1.7639881372451782, 1.5358384847640991, 1.0]]]}
{'pos': [2.125227451324463, 1.3498092889785767, -0.9870671629905701], 'viewmatrix': [[[0.7956179976463318, 0.4584842324256897, -0.39595985412597656, 0.0], [-0.46174129843711853, 0.882067084312439, 0.09355533123016357, 0.0], [0.39215680956840515, 0.10839670896530151, 0.913489580154419, 0.0], [-0.6805214285850525, -2.0580108165740967, 1.6168984174728394, 1.0]]]}
{'pos': [2.5386533737182617, 1.5783369541168213, -0.8968766331672668], 'viewmatrix': [[[0.7483689785003662, 0.4500638246536255, -0.48722323775291443, 0.0], [-0.4955298900604248, 0.8676530718803406, 0.0403512567281723, 0.0], [0.44090139865875244, 0.21123604476451874, 0.8723447322845459, 0.0], [-0.7223020792007446, -2.32255220413208, 1.9555888175964355, 1.0]]]}
{'pos': [1.3029100894927979, 0.9708208441734314, -1.472338318824768], 'viewmatrix': [[[0.9222514033317566, 0.3345874845981598, -0.19365839660167694, 0.0], [-0.30884405970573425, 0.9389716386795044, 0.15148472785949707, 0.0], [0.23252463340759277, -0.07989675551652908, 0.9693032503128052, 0.0], [-0.5594234466552734, -1.4651457071304321, 1.5323971509933472, 1.0]]]}
{'pos': [3.0514373779296875, 2.2344377040863037, -0.8523555397987366], 'viewmatrix': [[[0.7242472767829895, 0.38570284843444824, -0.5715761184692383, 0.0], [-0.5179354548454285, 0.8515117764472961, -0.08167383819818497, 0.0], [0.4552019238471985, 0.35519155859947205, 0.816474199295044, 0.0], [-0.664706826210022, -2.776848793029785, 2.6225500106811523, 1.0]]]}
{'pos': [3.1252522468566895, 2.224803924560547, -0.5998658537864685], 'viewmatrix': [[[0.6729602813720703, 0.38124385476112366, -0.6338592171669006, 0.0], [-0.551987886428833, 0.8292738199234009, -0.08725974708795547, 0.0], [0.4923756420612335, 0.4086049795150757, 0.7685104012489319, 0.0], [-0.579746425151825, -2.791346788406372, 2.636108636856079, 1.0]]]}
{'pos': [2.840099334716797, 1.8919551372528076, -1.0491946935653687], 'viewmatrix': [[[0.7443221211433411, 0.4058898985385895, -0.5303187370300293, 0.0], [-0.4960835874080658, 0.8676783442497253, -0.03217709809541702, 0.0], [0.4470857083797455, 0.2870325446128845, 0.8471875190734863, 0.0], [-0.7063009738922119, -2.493223190307617, 2.4559004306793213, 1.0]]]}
{'pos': [2.9049456119537354, 2.09150767326355, -1.1924136877059937], 'viewmatrix': [[[0.7512241005897522, 0.3768959939479828, -0.5418595671653748, 0.0], [-0.4848315119743347, 0.8721492886543274, -0.0655289888381958, 0.0], [0.44788482785224915, 0.311937540769577, 0.8379105925559998, 0.0], [-0.6341723203659058, -2.547010898590088, 2.7102630138397217, 1.0]]]}
{'pos': [3.5558922290802, 1.6707043647766113, -0.9529018402099609], 'viewmatrix': [[[0.6099269390106201, 0.42978978157043457, -0.6657851934432983, 0.0], [-0.5712531805038452, 0.8207482099533081, 0.006498356815427542, 0.0], [0.549234926700592, 0.37636837363243103, 0.7461152076721191, 0.0], [-0.6910724639892578, -2.5408716201782227, 3.067578077316284, 1.0]]]}
{'pos': [3.3619821071624756, 2.083375930786133, -0.6755487322807312], 'viewmatrix': [[[0.666538655757904, 0.40323495864868164, -0.626999020576477, 0.0], [-0.5338720083236694, 0.8452258110046387, -0.023958172649145126, 0.0], [0.5202950239181519, 0.3507063090801239, 0.7786515355110168, 0.0], [-0.7771501541137695, -2.8796725273132324, 2.6838903427124023, 1.0]]]}
{'pos': [3.730992317199707, 1.3223217725753784, -1.0203702449798584], 'viewmatrix': [[[0.5514656901359558, 0.5049828290939331, -0.6639863848686218, 0.0], [-0.6249998211860657, 0.7772909998893738, 0.0720687285065651, 0.0], [0.5525041222572327, 0.37524792551994324, 0.7442635297775269, 0.0], [-0.6673048138618469, -2.529024124145508, 3.1414544582366943, 1.0]]]}
{'pos': [3.7574100494384766, 0.2334284484386444, -0.8319090604782104], 'viewmatrix': [[[0.30263569951057434, 0.6800217032432556, -0.6678189635276794, 0.0], [-0.7337179780006409, 0.6134387850761414, 0.2921486496925354, 0.0], [0.6083334684371948, 0.40157613158226013, 0.684592604637146, 0.0], [-0.4597775340080261, -2.364239454269409, 3.010592460632324, 1.0]]]}
{'pos': [3.913306474685669, 0.5996831059455872, -0.8458109498023987], 'viewmatrix': [[[0.39937087893486023, 0.6395676136016846, -0.6568532586097717, 0.0], [-0.7031418681144714, 0.6734363436698914, 0.22819963097572327, 0.0], [0.5882979035377502, 0.37072470784187317, 0.7186576128005981, 0.0], [-0.6436095237731934, -2.593109369277954, 3.041469097137451, 1.0]]]}
{'pos': [4.222872734069824, -0.9991785287857056, 0.9157146215438843], 'viewmatrix': [[[-0.18534088134765625, 0.6288648247718811, -0.7551011443138123, 0.0], [-0.7370535731315613, 0.4192532002925873, 0.5300743579864502, 0.0], [0.6499236822128296, 0.654794454574585, 0.38580232858657837, 0.0], [-0.5489217638969421, -2.8363122940063477, 3.3650500774383545, 1.0]]]}
{'pos': [3.9723169803619385, 0.9700995683670044, -1.0227911472320557], 'viewmatrix': [[[0.48271459341049194, 0.5667976140975952, -0.6676279902458191, 0.0], [-0.6625403761863708, 0.7348847985267639, 0.1448606699705124, 0.0], [0.5727363228797913, 0.3724041283130646, 0.7302659153938293, 0.0], [-0.6889758110046387, -2.583519697189331, 3.2584104537963867, 1.0]]]}
{'pos': [4.307366847991943, -0.9890437126159668, 1.0917870998382568], 'viewmatrix': [[[-0.23712176084518433, 0.5935953855514526, -0.7690368890762329, 0.0], [-0.743274450302124, 0.3988819420337677, 0.5370627045631409, 0.0], [0.6255528926849365, 0.698954701423645, 0.34662067890167236, 0.0], [-0.3967312276363373, -2.9254307746887207, 3.465266227722168, 1.0]]]}
{'pos': [3.8274028301239014, -0.21266865730285645, -0.5471410751342773], 'viewmatrix': [[[0.27738139033317566, 0.6725664734840393, -0.6860858798027039, 0.0], [-0.7218741178512573, 0.6171326041221619, 0.3131215274333954, 0.0], [0.6340010166168213, 0.4084135890007019, 0.656689465045929, 0.0], [-0.8682823181152344, -2.219478130340576, 3.0518198013305664, 1.0]]]}
{'pos': [3.8617615699768066, -0.21399253606796265, -0.29983508586883545], 'viewmatrix': [[[0.19552384316921234, 0.7127655148506165, -0.673599123954773, 0.0], [-0.7277992367744446, 0.5658344626426697, 0.3874785304069519, 0.0], [0.6573269367218018, 0.41448360681533813, 0.6293843388557434, 0.0], [-0.7137203812599182, -2.507169485092163, 2.872908353805542, 1.0]]]}
